id	logFC	AveExpr	t	P.Value	adj.P.Val	B	Mean_NR	Mean_R
COLEC11_Epithelialcells	-0.0677152828133254	6.13188461874184	-4.14656543760976	8.17629142324157e-05	0.00257232560300659	-31.1508923307851	6.165742	6.098027
FAM43A_Epithelialcells	0.806166889675743	6.79233919073128	3.88316706416673	0.000207715265655206	0.00597527580868144	-32.0454262773516	6.389256	7.195423
PCDHB16_Epithelialcells	-0.426843652568456	3.95590829003064	-3.86948930444802	0.000217806633146463	0.00606345562598056	-32.0907860585261	4.169330	3.742486
PCDHGA10_Epithelialcells	-0.206723039220091	5.66664061986659	-3.77307373152637	0.000303441120092644	0.00806750705255761	-32.4073657862373	5.770002	5.563279
PSMB9_Myeloids	-0.0889456671484776	10.5087772608914	-3.76823617019904	0.000308490999692238	0.00806750705255761	-32.4231023093754	10.55325	10.46430
WISP3_Epithelialcells	-0.647299838511178	4.65356225744693	-3.58740241663038	0.000566473679540784	0.0120896793091813	-33.0009797147895	4.977212	4.329912
MYO1F_Myeloids	0.0486390157079679	10.6215965949747	3.58322167801886	0.000574364833924024	0.0120896793091813	-33.014096863286	10.59728	10.64592
KRT14_Epithelialcells	-0.117736606011042	3.99651844882155	-3.54174538419414	0.000658504750016917	0.0135307047443952	-33.1436231547227	4.055387	3.937650
CD38_Bcells	0.127164671417304	10.5946936452463	3.4267249942678	0.000957084013566706	0.0192084535746062	-33.496978059016	10.53111	10.65828
DGCR6_Epithelialcells	0.196330018589986	7.95833801859436	3.39369797395184	0.00106403957389121	0.0199623076580026	-33.5968285965763	7.860173	8.056503
EFNA5_Epithelialcells	-0.312777078670059	5.96290161567605	-3.38178939787082	0.00110529444320802	0.020295087329543	-33.6326530501437	6.119290	5.806513
COL9A3_Tcells	-0.560638905078413	8.9840943935905	-3.26082471907543	0.00161880207852374	0.0273926704659997	-33.991110029075	9.264414	8.703775
CD74_Tcells	0.324936639316876	15.2443603041936	3.24478606920221	0.00170167539636104	0.0282412666742226	-34.0378852106195	15.08189	15.40683
HABP2_Epithelialcells	-0.353754119176272	5.06925555232222	-3.23724467998085	0.00174200110286098	0.0283612054774777	-34.0598173656895	5.246133	4.892378
APOL3_Epithelialcells	0.271360779968429	5.94797925857535	3.23126150787282	0.00177462931145283	0.0283612054774777	-34.0771897677472	5.812299	6.083660
TNFSF8_Epithelialcells	0.0326557734524737	5.18740893814577	3.19153592004952	0.00200620100643092	0.0305535799703631	-34.1919019203631	5.171081	5.203737
CYBB_Myeloids	0.182899486849109	10.405951140794	3.18962492232601	0.00201802324253846	0.0305535799703631	-34.1973923126183	10.3145	10.4974
CR1_Myeloids	0.155519947767637	8.7044342041449	3.16396208597901	0.00218322191683072	0.0319342460038121	-34.2708741510172	8.626674	8.782194
PSMB9_Tcells	0.397528994944585	12.4050980927165	3.13758120210833	0.00236613741376363	0.0335126980718506	-34.3459273632154	12.20633	12.60386
SLC15A3_Epithelialcells	0.124789191974853	6.11442051591043	3.13721139825217	0.00236880021133591	0.0335126980718506	-34.3469759437736	6.052026	6.176815
TAP2_Epithelialcells	0.0670011192328044	7.64838006012093	3.13052787532347	0.0024174094729417	0.0336487802443337	-34.3659103563332	7.614880	7.681881
CRYBB2_Epithelialcells	0.321255754788956	6.50283522671259	3.11874889511763	0.0025053477987533	0.0343192881003825	-34.3992028244573	6.342207	6.663463
AKR1C4_Epithelialcells	-0.513145069803612	4.40993170949483	-3.09202062327006	0.00271606142144051	0.0353040355575359	-34.4743810283764	4.666504	4.153359
KIF13A_Epithelialcells	0.236249060431886	9.23293403057549	3.08900185913556	0.00274086950446687	0.0353040355575359	-34.4828397070578	9.114810	9.351059
RUNX3_Epithelialcells	0.957503167751663	5.8511391604011	3.07126496299044	0.00289093916574659	0.0366894191182251	-34.5324068107804	5.372388	6.329891
USP18_Epithelialcells	0.389091001864132	6.65240203852232	3.02716373341807	0.00329780053422839	0.0395977421039386	-34.6546665156675	6.457857	6.846948
CD8A_Bcells	0.0803617055657213	10.5035429344213	3.01775548196911	0.00339120552198884	0.0400905529517311	-34.6805658701341	10.46336	10.54372
GAA_Epithelialcells	0.239009607789081	7.92969361823672	2.99262864382031	0.00365282031323341	0.0416360497186673	-34.7494192055038	7.810189	8.049198
CCL5_Bcells	0.409089005652591	10.4325724760627	2.9913450283118	0.00366667413513176	0.0416360497186673	-34.7529242047625	10.22803	10.63712
SASH3_Bcells	0.396740872540702	8.97443315758659	2.96277219019052	0.00398793191331128	0.0441228877075337	-34.8306309340231	8.776063	9.172804
CCR5_Bcells	0.70309603567195	8.26522617052659	2.94094069550768	0.00425072068888937	0.0457684420085008	-34.8895982309732	7.913678	8.616774
C1QA_Stromalcells	0.247898985377615	10.1863493116085	2.93143717092433	0.00437003739651715	0.0457684420085008	-34.9151571927307	10.0624	10.3103
CCDC117_Epithelialcells	0.236889469092898	8.22771039744364	2.92411041994601	0.00446412688805936	0.0457684420085008	-34.9348161234312	8.109266	8.346155
LOC283070_Epithelialcells	0.17315271890053	7.82502239987164	2.91446123840428	0.00459089324150361	0.0460690798536932	-34.960645616323	7.738446	7.911599
APOL6_Epithelialcells	0.240430999384852	8.30313309982018	2.88437701303534	0.0050077409265307	0.0483262864379572	-35.0407308322578	8.182918	8.423349
TNIK_Epithelialcells	-0.409668194259188	7.28062426032476	-2.88234560555494	0.00503710761351093	0.0483262864379572	-35.0461140951249	7.485458	7.075790
ANKH_Epithelialcells	-0.0747719791856234	10.4622510961116	-2.86045471020524	0.00536378385237087	0.0502596823346415	-35.1039286418345	10.49964	10.42487
KRT14_Myeloids	-0.428631368981168	5.27405437289311	-2.85705924863101	0.00541616507198339	0.0502596823346415	-35.1128638564049	5.488370	5.059739
THNSL2_Epithelialcells	-0.284944783708706	6.9016434547283	-2.82671819490353	0.00590553706539289	0.0542178562492986	-35.1923202342312	7.044116	6.759171
SLC1A4_Epithelialcells	0.221753888245793	8.88410420284025	2.80744812387187	0.00623708102868548	0.0566589571342692	-35.2424218204872	8.773227	8.994981
RABEP1_Epithelialcells	0.282807677669336	8.04224827574111	2.79228364320375	0.00650989189416036	0.0585212156735458	-35.2816501985891	7.900844	8.183652
AB074162_Epithelialcells	-0.263733143000526	6.42551815837566	-2.78796009722407	0.00658965146154799	0.0586275176424321	-35.2928024429495	6.557385	6.293652
MPP1_Epithelialcells	0.498376814882756	7.72007712680694	2.77726360223465	0.00679083753251609	0.0598009468424631	-35.3203317570575	7.470889	7.969266
XAF1_Stromalcells	0.223515439728525	10.1916557658335	2.76403631644678	0.00704739214329301	0.0611430337151896	-35.3542532509217	10.07990	10.30341
HERC5_Myeloids	0.30929780563446	9.07424229611508	2.74831125837298	0.00736390882943057	0.0629213199980058	-35.3944053940809	8.919593	9.228891
LOC100507507_Myeloids	0.0507714581514183	9.62481683760204	2.73711918596637	0.00759703780385897	0.0637097486363822	-35.4228670308386	9.599431	9.650203
EFNA1_Epithelialcells	-0.159931159386886	9.94294630224996	-2.73679789562282	0.00760382863215222	0.0637097486363822	-35.4236826503858	10.022912	 9.862981
CXXC4_Epithelialcells	-0.169245161970408	6.54442722967306	-2.73140266018849	0.00771869378143574	0.0640503147440293	-35.4373669441073	6.629050	6.459805
IFIT3_Myeloids	0.337014708396884	11.4854909731589	2.72485415423842	0.00786023851222877	0.0641027051728198	-35.4539461154142	11.31698	11.65400
CECR5_Epithelialcells	0.165606513147912	8.99189091640343	2.72424315526933	0.00787356517765805	0.0641027051728198	-35.4554913186172	8.909088	9.074694
CAMK1D_Epithelialcells	0.13084289122079	7.8677727660016	2.71581254538834	0.0080595635047123	0.0650037692015581	-35.4767826244641	7.802351	7.933194
GBP1_Tcells	0.386360293265389	12.6194943631941	2.6937716116219	0.00856491440585742	0.0675224826963349	-35.5321858199531	12.42631	12.81267
SLC2A5_Epithelialcells	0.338521213207946	5.16084565871887	2.69096650708583	0.00863125813724645	0.0675224826963349	-35.539209763691	4.991585	5.330106
SERPINI1_Epithelialcells	0.55152848962634	4.82366670861432	2.68599633630377	0.00874995765194353	0.0675224826963349	-35.5516399446984	4.547902	5.099431
DDR1_Epithelialcells	-0.120515198581719	10.7931637719792	-2.68545161320212	0.00876305685050928	0.0675224826963349	-35.5530011022078	10.85342	10.73291
PLA1A_Myeloids	0.30244361666773	8.08531770660028	2.6750584055528	0.00901642912713173	0.0688599852806609	-35.5789273462318	7.934096	8.236540
SLC7A2_Epithelialcells	-0.695815247705179	5.41101275470717	-2.66513107456984	0.0092646456804308	0.0695251236714068	-35.6036126052873	5.758920	5.063105
SNX10_Myeloids	0.1499025446565	10.8725707207164	2.64288206928437	0.00984364337969167	0.0726073866382386	-35.658656348758	10.79762	10.94752
IFIT5_Epithelialcells	0.247945374672967	7.11346704945141	2.63318306960048	0.0101061703600862	0.0739120764470709	-35.6825297955855	6.989494	7.237440
FAM26F_Myeloids	0.0811763978485285	9.84349893498679	2.61654521323486	0.0105713372066332	0.0764699383351155	-35.7233100820171	9.802911	9.884087
COL28A1_Epithelialcells	-0.373776639895138	4.55763557741511	-2.60936017512789	0.0107781485313591	0.0764699383351155	-35.7408533971356	4.744524	4.370747
C1QC_Bcells	0.032097610214386	10.27564486812	2.60829327425352	0.010809168175648	0.0764699383351155	-35.7434549082241	10.25960	10.29169
LAMP3_Tcells	0.377766973685294	10.1253191704654	2.60620925047023	0.0108699933918095	0.0764699383351155	-35.7485339535897	 9.936436	10.314203
CREBRF_Epithelialcells	0.506415320066569	6.74617513702507	2.59791444112171	0.0111151713366994	0.0764699383351155	-35.7687154159883	6.492967	6.999383
CXCL17_Epithelialcells	-0.285823049750957	5.7804469730351	-2.59564666687745	0.0111830673963527	0.0764699383351155	-35.7742234676538	5.923358	5.637535
FAS_Epithelialcells	0.409058599772711	7.4951467387724	2.59331068107036	0.0112533976460715	0.0764699383351155	-35.7798929275182	7.290617	7.699676
CD99L2_Epithelialcells	0.288486698816128	6.16847985575817	2.58770552321254	0.0114237878429249	0.0770213195972203	-35.7934790292723	6.024237	6.312723
KIF26A_Epithelialcells	0.229807432752923	6.77695488253277	2.58031033515334	0.0116521600906316	0.0773524166016542	-35.8113657070914	6.662051	6.891859
ZNF177_Tcells	-0.0764248106628287	6.79681277851643	-2.57067179278668	0.0119559985148651	0.0787635627353329	-35.8346130382695	6.835025	6.758600
ST6GALNAC5_Stromalcells	0.215286091854236	6.26183474535513	2.56183532304347	0.0122408182494569	0.0796931885230391	-35.8558607764172	6.154192	6.369478
PARP9_Epithelialcells	0.213572348229571	7.81884569898918	2.56057915130335	0.0122818007804915	0.0796931885230391	-35.8588762460205	7.712060	7.925632
KRT15_Myeloids	-0.689489742763365	7.01094070145011	-2.55658304737086	0.0124129979496263	0.0799071219833452	-35.8684606046943	7.355686	6.666196
PTPRCAP_Bcells	0.218828766363872	9.20064729315669	2.55395537122376	0.012499955350813	0.0799071219833452	-35.8747559365188	9.091233	9.310062
OASL_Epithelialcells	0.186537272297372	6.74093147595227	2.54712408725113	0.0127285981913116	0.0806838617045827	-35.8910963450708	6.647663	6.834200
EPHB1_Epithelialcells	-0.0392276191841594	5.8014193401484	-2.54055446763805	0.0129520315394366	0.0806838617045827	-35.9067756134146	5.821033	5.781806
ODF3B_Epithelialcells	0.227800438635948	7.03335966667985	2.53737905052628	0.0130612891902078	0.0806838617045827	-35.9143417685353	6.919459	7.147260
NKG7_Bcells	0.0464938957052041	9.78520940402056	2.53666819424385	0.0130858612831673	0.0806838617045827	-35.9160344380564	9.761962	9.808456
ZNF423_Epithelialcells	0.538737398140584	5.48939672027106	2.5338865310611	0.0131824154117569	0.0806838617045827	-35.9226541537974	5.220028	5.758765
S100A2_Epithelialcells	-0.246615959332639	8.0117383004871	-2.51655539905125	0.0137985770048598	0.0838603658816478	-35.9637582546008	8.135046	7.888430
C1QC_Stromalcells	0.177551358255494	10.3653065769754	2.51067476389255	0.0140134586914257	0.0845707332216811	-35.9776504031627	10.27653	10.45408
IRF7_Myeloids	0.210489099277574	10.1717297008178	2.49841765829553	0.0144710343133034	0.0849932311629351	-36.0065164258602	10.06649	10.27697
RNF213_Epithelialcells	0.0810051017271167	8.4445048059823	2.49835331755819	0.0144734712403697	0.0849932311629351	-36.0066676312196	8.404002	8.485007
SPRR2B_Epithelialcells	-0.299188235896735	5.96264751911207	-2.49824934077619	0.0144774101749148	0.0849932311629351	-36.0069119770667	6.112242	5.813053
CAPS_Epithelialcells	-0.146968180351871	6.7767363163529	-2.49519181856678	0.0145936689311602	0.0850968668080489	-36.0140932619914	6.850220	6.703252
MSR1_Epithelialcells	0.0332596443687549	4.51262232342522	2.49207377309866	0.0147130915287276	0.0851692221412828	-36.0214089191029	4.495993	4.529252
CCL5_Tcells	0.0668136883006376	11.9411809846337	2.4897294537277	0.0148034569191106	0.0851692221412828	-36.026904058714	11.90777	11.97459
BTBD11_Myeloids	-0.280284653354927	7.15922481655643	-2.48628042264017	0.0149373106045996	0.0852920550183264	-36.0349805864561	7.299367	7.019082
CELF2_Epithelialcells	0.180327128786503	10.1379776460623	2.47941552558207	0.0152069665905948	0.0852920550183264	-36.0510273196175	10.04781	10.22814
SLC19A2_Epithelialcells	-0.198740440748745	7.66793509771925	-2.47774486054969	0.0152732478856724	0.0852920550183264	-36.0549267316338	7.767305	7.568565
CMPK2_Epithelialcells	0.459353868129488	8.12477233700853	2.47482183707471	0.015389837989022	0.0852920550183264	-36.0617437653393	7.895095	8.354449
P2RX7_Myeloids	0.162078249933189	8.01017167970959	2.47412377869128	0.0154177990531389	0.0852920550183264	-36.063370742233	7.929133	8.091211
GSTT1_Epithelialcells	0.502414671415862	7.686543670481	2.47056406707494	0.0155610943306312	0.0855364611932149	-36.0716612762854	7.435336	7.937751
AIF1_Bcells	0.0710096969579421	11.0187108770219	2.45593760001938	0.0161624839816611	0.0880541283875523	-36.1056181555219	10.98321	11.05422
MIR17_Epithelialcells	-0.429843627680714	5.66839017031339	-2.45448854233602	0.0162231824028051	0.0880541283875523	-36.1089728243904	5.883312	5.453468
IRF1_Epithelialcells	0.193851012828153	9.31951510385177	2.44841243237715	0.0164799266260996	0.0888886042395245	-36.1230208256936	9.222590	9.416441
NGFRAP1_Tcells	-1.11614426565272	12.5690458705231	-2.4411618420519	0.0167910498566801	0.089883279360308	-36.1397448620812	13.12712	12.01097
RCSD1_Bcells	0.195928967167546	9.29415829496287	2.43192952638237	0.0171948031124283	0.089883279360308	-36.1609778128201	9.196194	9.392123
NPIPB15_Epithelialcells	-0.261748581207511	7.92278563115831	-2.41892888852785	0.0177780575552016	0.0913241885127322	-36.1907592152851	8.053660	7.791911
PIK3R5_Myeloids	0.0388552758352514	9.32372322463741	2.41234899486563	0.0180799311573058	0.0917875933987058	-36.2057794610856	9.304296	9.343151
SPIRE2_Epithelialcells	-0.107692358166556	7.92958133004656	-2.41232617596522	0.0180809859533951	0.0917875933987058	-36.2058314891596	7.983428	7.875735
SYT17_Epithelialcells	-0.230155389382117	6.01382838844121	-2.39138833907684	0.0190722701429782	0.095993549670297	-36.2533905071694	6.128906	5.898751
RGS17_Epithelialcells	-0.383890938395347	4.15028615877017	-2.38918528721062	0.0191793350406927	0.095993549670297	-36.2583736502864	4.342232	3.958341
ZNF185_Epithelialcells	-0.280085962485463	7.65016779244377	-2.38746373271584	0.0192633719317994	0.095993549670297	-36.2622649002957	7.790211	7.510125
C22orf39_Bcells	-0.0678917895637507	8.8076542533781	-2.38560576560486	0.0193544352753554	0.095993549670297	-36.2664617469296	8.841600	8.773708
SPRR3_Epithelialcells	-0.496148400062555	5.3356917413126	-2.38044612601167	0.0196093334122008	0.096702027055596	-36.2781016203174	5.583766	5.087618
LOC100996717_Epithelialcells	-0.244277983350861	7.86481058846268	-2.37464849159732	0.0198993086701927	0.0972550785948268	-36.2911545868105	7.986950	7.742672
LGALS7_Epithelialcells	-0.293702605673889	5.00866671328475	-2.37370474871763	0.0199468701173631	0.0972550785948268	-36.2932767329566	5.155518	4.861815
FREM2_Epithelialcells	-0.375428728133451	4.02644132052223	-2.34992974259911	0.0211788601625024	0.102681777079997	-36.3464955032044	4.214156	3.838727
APOL3_Bcells	0.0453193077141165	7.24444510293288	2.33815304409344	0.0218137545368632	0.104584834251739	-36.3726834805933	7.221785	7.267105
UAP1L1_Epithelialcells	0.232842036861562	6.3697018719093	2.33286663810259	0.0221041944947504	0.105391822369998	-36.3844014819307	6.253281	6.486123
GPRC5C_Epithelialcells	-0.118497126925002	8.2020305713288	-2.32164031731133	0.0227323632379955	0.107791370738407	-36.4092090070473	8.261279	8.142782
TFEC_Myeloids	0.133841856177534	7.81385328684566	2.31512689505944	0.0231040182983418	0.1088129957834	-36.4235540401679	7.746932	7.880774
CYP3A5_Epithelialcells	-0.303574409267252	9.21964276740771	-2.31125252092198	0.0233276294006026	0.1088129957834	-36.43207011302	9.371430	9.067856
KCNH8_Epithelialcells	-0.200749754268358	4.82606862453401	-2.30883120364186	0.0234683462126796	0.1088129957834	-36.4373859350723	4.926444	4.725694
CCND2_Epithelialcells	0.314137382805466	10.0293543168403	2.30128459919719	0.0239117476028158	0.1088129957834	-36.4539225481875	 9.872286	10.186423
SLC44A5_Epithelialcells	-0.315059638295322	4.25606992794572	-2.2899083246428	0.0245941466754836	0.108844864517653	-36.4787610321764	4.41360	4.09854
SLFN13_Epithelialcells	-0.164924926067851	4.65011972184739	-2.28463020833254	0.0249165455381302	0.109709075507176	-36.4902482714032	4.732582	4.567657
FYB_Myeloids	0.0709540400413502	10.2425389249193	2.27906374055167	0.0252605897251115	0.11010044915541	-36.5023377871759	10.20706	10.27802
ZNF256_Epithelialcells	-0.17459811999065	4.51542651150002	-2.2759425292163	0.0254553273964871	0.110391696196826	-36.509105212111	4.602726	4.428127
TNFSF13B_Myeloids	0.121660383666853	11.0502639977598	2.27165913646618	0.0257247282871368	0.110920855837784	-36.5183791777368	10.98943	11.11109
BTBD11_Epithelialcells	-0.116237297807044	5.12012425645096	-2.26336237099522	0.0262536978905129	0.111458507208368	-36.5362986624144	5.178243	5.062006
ERAP2_Bcells	0.302580678826265	9.3189048812836	2.26284009821305	0.026287313974105	0.111458507208368	-36.5374247399864	9.167615	9.470195
PRF1_Epithelialcells	0.640987777024564	6.16779203538609	2.26122548490012	0.0263914782210789	0.111458507208368	-36.5409045733033	5.847298	6.488286
CASP1_Epithelialcells	0.295832343974473	10.4759279278917	2.2599157753168	0.0264762386763793	0.111458507208368	-36.5437256639967	10.32801	10.62384
RNF213_Tcells	0.224785372863066	11.1709181754878	2.25756830508216	0.0266287593084488	0.111556404287337	-36.548778461123	11.05853	11.28331
CECR1_Stromalcells	0.123796037202311	9.59634561964102	2.24918660944276	0.0271796612810471	0.113314240026781	-36.5667817360523	9.534448	9.658244
GGT6_Epithelialcells	0.302929266805475	8.04304307301451	2.23086114432921	0.0284191406416674	0.117347934802675	-36.605937183226	7.891578	8.194508
WARS_Tcells	0.206807132072495	13.897807149705	2.22783663913985	0.0286284080126719	0.117649124356837	-36.612372283276	13.79440	14.00121
TUFT1_Epithelialcells	-0.0915876444135009	9.0018168360693	-2.21875199757329	0.0292651268551315	0.119695755810325	-36.6316547304206	9.047611	8.956023
SLAMF8_Myeloids	0.10554938712121	9.7440922911871	2.21503615999051	0.0295291149314165	0.120205783895342	-36.6395215831372	9.691318	9.796867
PIK3CG_Bcells	0.225605658199855	8.6505501153175	2.20987305155863	0.029899384417786	0.121141637335912	-36.6504330503767	8.537747	8.763353
FHL2_Epithelialcells	-0.135206544645349	10.8426111822306	-2.18225370871136	0.0319498950956095	0.12884467040893	-36.7084180894264	10.91021	10.77501
FCER1G_Myeloids	0.0906767050018882	11.8395071133406	2.17499762376888	0.0325085561302612	0.130487832281002	-36.7235441217668	11.79417	11.88485
TRIM22_Stromalcells	0.156856134004945	10.6702651988581	2.17164173551355	0.0327698019518759	0.13092749576143	-36.7305246251949	10.59184	10.74869
C22orf39_Epithelialcells	0.237654445660125	7.52168083469701	2.16756556413609	0.0330895802633727	0.131306550064218	-36.738990449333	7.402854	7.640508
IL10RA_Myeloids	0.0565411582611723	9.88022171682148	2.16655881625415	0.0331689778841246	0.131306550064218	-36.7410791860032	9.851951	9.908492
HCST_Myeloids	0.0352793888618521	8.80399695911416	2.15774445944363	0.0338712449776305	0.133186903570731	-36.7593296836894	8.786357	8.821637
KIAA1244_Epithelialcells	-0.182737344135367	8.52512172031923	-2.15673330203228	0.0339526289519824	0.133186903570731	-36.7614190822877	8.616490	8.433753
GBP5_Myeloids	0.0862077982924383	9.55461740813554	2.14482081058119	0.0349243071716415	0.136378629362564	-36.7859685210151	9.511514	9.597721
MX2_Myeloids	0.207989816358536	10.7090132410243	2.1418110660152	0.0351735993801959	0.136733406599591	-36.7921518179223	10.60502	10.81301
PTPRF_Epithelialcells	-0.145187579694742	10.7209633577408	-2.12847642825705	0.0362967796663998	0.139839825232603	-36.8194533918135	10.79356	10.64837
TK1_Epithelialcells	0.140036898579741	9.33221815309461	2.11732466850583	0.037259869559549	0.142912299688403	-36.8421684534986	9.262200	9.402237
SAMSN1_Myeloids	0.224468130372751	10.7325533444175	2.1007268873494	0.0387342857447262	0.147258540077968	-36.8757783587449	10.62032	10.84479
TYMP_Epithelialcells	0.138479858856113	6.92361511631298	2.09749882910627	0.0390268324531249	0.147719984241433	-36.8822874790471	6.854375	6.992855
SLC17A9_Epithelialcells	-0.165665830175085	8.17317250565658	-2.08717926659208	0.0399749103559926	0.150647806276077	-36.9030357069548	8.256005	8.090340
IRF7_Epithelialcells	0.0423640501432452	8.04268673954558	2.08457972140435	0.0402168499237841	0.150900615148807	-36.9082477739787	8.021505	8.063869
TAP2_Tcells	0.217125334881901	10.0717289531387	2.07738727406924	0.0408928511653385	0.152772859548429	-36.9226381196379	 9.963166	10.180292
ATF7IP2_Epithelialcells	-0.156644044289529	6.98983727385792	-2.07196251560408	0.0414091773051507	0.152971672541061	-36.933462129915	7.068159	6.911515
TNFRSF1B_Myeloids	0.0623452463600209	11.6728529363369	2.07126234759866	0.0414762269282757	0.152971672541061	-36.9348573168469	11.64168	11.70403
PARP9_Tcells	0.224751208887518	10.1895504923707	2.07124557002859	0.041477834733034	0.152971672541061	-36.9348907433936	10.07717	10.30193
FCGR1A_Myeloids	0.0697733808862377	9.50657466591046	2.03839533192633	0.0447307341228107	0.16222748496987	-36.99987099561	9.471688	9.541461
LY6E_Epithelialcells	0.281366743186306	8.62534775656563	2.02010538883835	0.0466350804674264	0.16222748496987	-37.0356430440975	8.484664	8.766031
COL9A3_Epithelialcells	-0.180791061858723	6.10332247749196	-2.01767239903343	0.0468935665006322	0.16222748496987	-37.0403795747576	6.193718	6.012927
CXCL11_Tcells	0.905213727143488	10.2021808952159	2.00523264456755	0.0482344566960253	0.16222748496987	-37.0645164031758	 9.749574	10.654788
CAMK1D_Bcells	0.232574821737785	10.009563228154	2.00405531926244	0.0483630440776895	0.16222748496987	-37.066793756733	 9.893276	10.125851
ITGAL_Bcells	0.0567137709095551	9.98402343040622	1.99870488468611	0.0489511184058294	0.16222748496987	-37.0771280624124	 9.955667	10.012380
ERAP2_Epithelialcells	0.461677990975135	7.70254237540995	1.99628727132637	0.0492188403803148	0.16222748496987	-37.0817894354376	7.471703	7.933381
IFIT2_Myeloids	0.270938917092572	10.3126363581243	1.99557916113991	0.0492974916884574	0.16222748496987	-37.0831537654439	10.17717	10.44811
CCND2_Stromalcells	0.118337844183412	11.072096446828	1.99311335511809	0.0495722126089552	0.16222748496987	-37.0879012549265	11.01293	11.13127
PARP12_Epithelialcells	0.177624841262809	8.96676938327211	1.99203409833132	0.0496928658194743	0.16222748496987	-37.089977503787	8.877957	9.055582
STAT1_Tcells	0.429410448304196	12.5739076396558	1.99091104378398	0.0498186814848734	0.16222748496987	-37.0921369259083	12.35920	12.78861
ZNF177_Epithelialcells	-0.209367995635445	4.21644077854832	-1.97694181661036	0.051406521482475	0.16222748496987	-37.1189046565305	4.321125	4.111757
CD200_Bcells	0.0342623748379314	9.84142853014724	1.96871685941807	0.0523614545871489	0.16222748496987	-37.134585113938	9.824297	9.858560
IRF9_Bcells	0.0543765092391801	10.0945152934512	1.9683243533827	0.052407400426634	0.16222748496987	-37.1353319198772	10.06733	10.12170
SOWAHC_Epithelialcells	-0.136013948310916	9.87332169281716	-1.96314244457702	0.0530172076512312	0.16222748496987	-37.1451786317561	9.941329	9.805315
TAP1_Epithelialcells	0.194745579890714	9.90823132999923	1.95873579330283	0.0535405226714476	0.16222748496987	-37.1535336001824	 9.810859	10.005604
FAS_Myeloids	0.0881471179985738	9.89500225069002	1.94292978370891	0.0554538537240054	0.16222748496987	-37.1833609001182	9.850929	9.939076
ITGB6_Epithelialcells	-0.201586112182042	8.18102578634808	-1.93695995065525	0.0561914524598415	0.16222748496987	-37.1945691498205	8.281819	8.080233
LOC389831_Epithelialcells	0.161888033932054	7.34479975568484	1.92943334403564	0.0571332375378767	0.16222748496987	-37.2086553459631	7.263856	7.425744
RNF39_Epithelialcells	-0.156209773431062	6.60268735865122	-1.92875607825001	0.0572186339938716	0.16222748496987	-37.2099204068711	6.680792	6.524582
ZNF165_Epithelialcells	-0.163038871644442	6.68637894718933	-1.9227395671894	0.0579820126387886	0.16222748496987	-37.2211408023693	6.767898	6.604860
SOX30_Epithelialcells	-0.03274140307101	4.01950469769573	-1.9044258464725	0.0603589082888164	0.16222748496987	-37.2550973915551	4.035875	4.003134
HIRA_Epithelialcells	0.13061689703347	8.62856229588365	1.90349946270571	0.0604812959891411	0.16222748496987	-37.2568071552781	8.563254	8.693871
DDX60_Epithelialcells	0.44547231144761	8.03280184094233	1.89535971047234	0.0615656984567863	0.16222748496987	-37.2717973901372	7.810066	8.255538
SLC6A20_Myeloids	0.165329522653053	8.22227723341742	1.88858563463219	0.0624806155489563	0.16222748496987	-37.2842277110563	8.139612	8.304942
IFITM1_Epithelialcells	0.160602840515963	12.8348520627548	1.88809882820688	0.0625468031408905	0.16222748496987	-37.2851194219936	12.75455	12.91515
TNFSF8_Myeloids	0.0870620614989273	7.64561508793058	1.88740384520146	0.0626413973339708	0.16222748496987	-37.286392096586	7.602084	7.689146
PRKAA2_Epithelialcells	-0.0453089440543248	4.95757471358104	-1.86507881119103	0.0657447598628924	0.16222748496987	-37.3270456424784	4.980229	4.934920
SNHG18_Epithelialcells	-0.181187663299852	8.25883695674744	-1.85861511507978	0.0666670017501408	0.16222748496987	-37.3387329966632	8.349431	8.168243
SEMA6D_Epithelialcells	0.467893233129733	6.75964053773444	1.8392737227722	0.0694916564470618	0.16222748496987	-37.3734822659182	6.525694	6.993587
CCR1_Myeloids	0.0966216842854024	10.5971670043974	1.82776145003915	0.071219956640474	0.16222748496987	-37.3940066083877	10.54886	10.64548
CD163_Myeloids	0.15936671036371	11.2372857754974	1.82567518815062	0.0715369696702552	0.16222748496987	-37.3977133320688	11.15760	11.31697
SH3BP5_Myeloids	0.0924607065054079	11.4576508765173	1.82092740417152	0.0722627987458199	0.16222748496987	-37.4061343115037	11.41142	11.50388
TRIM69_Tcells	0.0528928350476221	8.84895279440724	1.81957283027348	0.0724710049942243	0.16222748496987	-37.4085331640867	8.822506	8.875399
TYROBP_Myeloids	0.046928500536831	11.6811328632885	1.81152735473778	0.0737179744272128	0.16222748496987	-37.422747173726	11.65767	11.70460
CXCL9_Tcells	0.34029501609284	11.7747252016336	1.80082487258321	0.0754043946108932	0.16222748496987	-37.4415651956682	11.60458	11.94487
AC006026.13_Epithelialcells	-0.185355375271759	5.67034090559951	-1.79629552065624	0.0761276936689634	0.16222748496987	-37.4494980646784	5.763019	5.577663
CXCL10_Tcells	0.406977087198532	12.4047776008722	1.79541379704768	0.076269165519707	0.16222748496987	-37.4510401998292	12.20129	12.60827
IFIT5_Bcells	0.229862916017886	9.25040893081309	1.79152848912201	0.0768951634974228	0.16222748496987	-37.4578272673382	9.135477	9.365340
PDE3A_Epithelialcells	0.327250810018203	8.00299000521708	1.78796205756196	0.0774735327523862	0.16222748496987	-37.4640453350939	7.839365	8.166615
ARHGAP25_Bcells	0.100491933579603	9.01344427382098	1.78274109699403	0.0783267219852656	0.16222748496987	-37.4731273977872	8.963198	9.063690
ERRFI1_Myeloids	-0.124780043538111	11.0738789540736	-1.77872556253352	0.0789882110346039	0.16222748496987	-37.4800958527737	11.13627	11.01149
SERPINI1_Stromalcells	0.073767788020314	6.45680124955718	1.77361290084985	0.0798371225905979	0.16222748496987	-37.488947179433	6.419917	6.493685
ISG15_Myeloids	0.219298203932922	12.5867283596594	1.76762632665592	0.0808407226932516	0.16222748496987	-37.4992814761332	12.47708	12.69638
BGN_Stromalcells	0.130298951077076	9.75707351460544	1.75747228833088	0.0825668035165149	0.16222748496987	-37.5167357849468	9.691924	9.822223
MSR1_Stromalcells	0.0307661105781563	5.66779841512246	1.74765608527757	0.0842642659966406	0.16222748496987	-37.5335206971792	5.652415	5.683181
GPR65_Myeloids	0.0561816666640578	9.68439234738171	1.73944691704879	0.085705822390595	0.16222748496987	-37.5474906954735	9.656302	9.712483
HERC6_Epithelialcells	0.249457097687906	7.40039701980342	1.73918535955123	0.0857520843369687	0.16222748496987	-37.547934798248	7.275668	7.525126
IRF8_Epithelialcells	0.17262082645744	8.42597456505538	1.71701602288816	0.0897485135356298	0.16222748496987	-37.5853508082351	8.339664	8.512285
ITGB2_Stromalcells	0.236682869269991	8.87291865170178	1.69658572375252	0.0935654396722221	0.16222748496987	-37.6194361123246	8.754577	8.991260
IRF9_Epithelialcells	0.187596135742595	8.52642625980952	1.69209539264305	0.0944218886878388	0.16222748496987	-37.6268766753824	8.432628	8.620224
PRRX1_Myeloids	0.152587750159656	10.9933680587458	1.67881653371206	0.0969920892923147	0.16222748496987	-37.6487723475089	10.91707	11.06966
CD274_Myeloids	0.11006327856823	9.54256200266746	1.67544579578887	0.0976535036466787	0.16222748496987	-37.6543047726739	9.487530	9.597594
TYMP_Tcells	0.395994430023576	8.61489556137474	1.66759049191166	0.0992091396854814	0.16222748496987	-37.6671574541755	8.416898	8.812893
LINC00116_Epithelialcells	0.132049827394372	8.08117356809304	1.66467578547236	0.0997914558732075	0.16222748496987	-37.6719120789375	8.015149	8.147198
SLC6A20_Epithelialcells	0.0544459107078819	7.32407218620812	1.65477899667443	0.101789435690864	0.16222748496987	-37.6879982156768	7.296849	7.351295
PRF1_Tcells	-0.120408061661777	8.82797802191622	-1.65002945684579	0.102759732725278	0.16222748496987	-37.6956862060908	8.888182	8.767774
SLC22A23_Epithelialcells	-0.18857979794714	8.28271749272462	-1.64733189826543	0.103314152126021	0.16222748496987	-37.7000434855629	8.377007	8.188428
PTPRC_Myeloids	0.111564949633859	11.5324719892155	1.64693531557597	0.103395864130915	0.16222748496987	-37.7006835102043	11.47669	11.58825
CD69_Myeloids	0.32374112056452	8.8756580771848	1.64637439154244	0.103511526390318	0.16222748496987	-37.7015885107026	8.713788	9.037529
GZMB_Epithelialcells	0.936837180243512	6.19537262381847	1.64559917479822	0.103671548061471	0.16222748496987	-37.7028387782222	5.726954	6.663791
IDO1_Tcells	0.31432509640331	11.6203858697495	1.644971543287	0.103801251530048	0.16222748496987	-37.7038506168651	11.46322	11.77755
TAGAP_Myeloids	0.157213766273376	10.2334919670805	1.64281000578882	0.104248950179864	0.16222748496987	-37.7073325827949	10.15489	10.31210
GGTA1P_Bcells	0.033675880249648	10.0995833411481	1.63987661014938	0.104859013157432	0.16222748496987	-37.7120510586103	10.08275	10.11642
TRIM69_Epithelialcells	0.2731099659077	7.25554818108698	1.63904124574299	0.105033272245139	0.16222748496987	-37.7133933285379	7.118993	7.392103
OAS3_Epithelialcells	0.20323977244186	8.87146394648912	1.63697423686593	0.105465461710646	0.16222748496987	-37.7167118605698	8.769844	8.973084
CD200_Myeloids	0.0525456296944018	9.60387906364576	1.63522473640727	0.105832385324285	0.16222748496987	-37.719517575306	9.577606	9.630152
HCK_Myeloids	0.042605035888144	10.9856269772525	1.63301350478694	0.106297622500522	0.16222748496987	-37.7230597573971	10.96432	11.00693
NRN1_Epithelialcells	-0.480535473152192	6.17167563576321	-1.63244963539794	0.106416522948188	0.16222748496987	-37.7239623036848	6.411943	5.931408
REPS2_Epithelialcells	-0.140158197705311	7.38728654931771	-1.62538250743647	0.107915858403542	0.16222748496987	-37.7352493829018	7.457366	7.317207
TRIM69_Myeloids	0.101174538114799	9.98192335742237	1.62422204779396	0.10816367734816	0.16222748496987	-37.7370983924612	 9.931336	10.032511
GM2A_Epithelialcells	0.157337953935009	8.92389100948298	1.62283562626159	0.108460352138721	0.16222748496987	-37.7393058131429	8.845222	9.002560
PPARGC1B_Epithelialcells	0.155725901116004	7.22850401330603	1.61812820653669	0.109472569691679	0.16222748496987	-37.7467876387106	7.150641	7.306367
FAM189A1_Epithelialcells	-0.153695294327663	5.08339808055624	-1.61707048182574	0.109701051184419	0.16222748496987	-37.7484659479131	5.160246	5.006550
LOC283070_Bcells	0.256880432598757	9.63980183260779	1.60341294883774	0.112685851323442	0.16222748496987	-37.7700440523338	9.511362	9.768242
UBE2L6_Tcells	0.263886038551718	12.1364950976167	1.59508467229484	0.114537733999367	0.16222748496987	-37.7831178668773	12.00455	12.26844
TLR8_Myeloids	0.0835148203653642	8.8246449062531	1.58830996914106	0.116062084400431	0.16222748496987	-37.79370566426	8.782887	8.866402
ADIRF_Epithelialcells	0.310323992528488	9.23352287177324	1.58587148744434	0.11661471551927	0.16222748496987	-37.7975062571713	9.078361	9.388685
STAT1_Stromalcells	-0.501250657020559	10.9033761944906	-1.58311418442319	0.117242134283612	0.16222748496987	-37.8017971452202	11.15400	10.65275
SHE_Myeloids	0.0618266237006013	6.65844921035981	1.58211074036218	0.117471134622918	0.16222748496987	-37.8033569517962	6.627536	6.689363
INHBB_Epithelialcells	-0.184218767201911	6.87081047224506	-1.56752617324266	0.120840061583689	0.16222748496987	-37.8259228788006	6.962920	6.778701
RGL1_Stromalcells	-0.0423197100214487	8.31942092527567	-1.54494809989246	0.126206780638218	0.16222748496987	-37.8604682929833	8.340581	8.298261
DDIT4L_Epithelialcells	0.198113237376079	4.19303908931731	1.54301171672438	0.126675718052382	0.16222748496987	-37.8634090335266	4.093982	4.292096
MSR1_Myeloids	0.129913282318957	5.45810191072307	1.53403998926542	0.128866467905104	0.16222748496987	-37.8769887597637	5.393145	5.523059
MGMT_Epithelialcells	-0.141991326709499	8.25595132997317	-1.53399737436198	0.128876944857088	0.16222748496987	-37.8770530838527	8.326947	8.184956
DDX60_Bcells	-0.179310086076507	9.28706379062696	-1.53359631491682	0.12897557907597	0.16222748496987	-37.8776583711732	9.376719	9.197409
SYNPR_Tcells	-0.308632174877457	5.75949042592389	-1.52932645074667	0.130029390806938	0.16222748496987	-37.8840932727439	5.913807	5.605174
CDK14_Myeloids	0.0497069886225905	9.80856616580753	1.51755472290539	0.132969941699108	0.164638536135338	-37.9017460677124	9.783713	9.833420
CSF1R_Stromalcells	0.0550349708958127	9.01766753144649	1.51577945930088	0.133417912983158	0.164956531381756	-37.9043970511895	8.990150	9.045185
MIR29B2_Epithelialcells	-0.274173294394771	5.48520148817088	-1.51437858371802	0.133772249784884	0.165158013682911	-37.9064868936401	5.622288	5.348115
MIR29B2_Stromalcells	-0.107904746751795	7.02527374441732	-1.50182729988074	0.136980131105938	0.168636024457096	-37.9251294830276	7.079226	6.971321
DOK3_Myeloids	0.0428411697610738	9.312257146427	1.48604889450046	0.141098182734182	0.173211567140255	-37.9483569436137	9.290837	9.333678
PLEK_Myeloids	0.102161034479579	11.3071574984245	1.47455621789198	0.144158222283531	0.17671668441859	-37.9651290204307	11.25608	11.35824
SLC22A23_Bcells	-0.120854338706296	10.0196840980251	-1.44985795573218	0.150909475245023	0.183688120079625	-38.0007548027382	10.080111	 9.959257
IGFBP5_Stromalcells	0.0789294679953638	11.8369146550525	1.44635344038148	0.151886997967281	0.184617576402484	-38.0057635582888	11.79745	11.87638
LOC283177_Epithelialcells	-0.102058194813933	7.03400622104962	-1.42439981013913	0.158122656566996	0.191926656283147	-38.0368780485043	7.085035	6.982977
LCP2_Myeloids	0.114798827942378	11.2211886740998	1.39828220936257	0.165796073535708	0.200676032905071	-38.0733038283655	11.16379	11.27859
OASL_Myeloids	0.080847358405487	8.77709645969288	1.39015392827798	0.168241499170376	0.203350719585482	-38.0845090925238	8.736673	8.817520
EPSTI1_Tcells	0.196466689451199	12.9371399355097	1.38566270335367	0.169604478385219	0.204698746739809	-38.0906737519015	12.83891	13.03537
IYD_Epithelialcells	-0.115819793208447	5.32981350179232	-1.38491838480785	0.169831173424917	0.204698746739809	-38.0916935654502	5.387723	5.271904
SLC38A4_Epithelialcells	-0.0934828914060213	4.03977110064037	-1.36815939957117	0.174996852157058	0.210337442077355	-38.1145170492302	4.086513	3.993030
CCL11_Bcells	0.307747544980572	10.4712218099016	1.3546082482815	0.179260393490759	0.214863499420174	-38.1327777453578	10.31735	10.62510
ALYREF_Epithelialcells	0.0941327490957988	9.60830762401783	1.35211573198673	0.180053097180112	0.215514317429177	-38.1361175839338	9.561241	9.655374
FPR3_Stromalcells	0.197823535168128	8.10102076560393	1.34112607469229	0.18357982747092	0.219431289622443	-38.1507729640048	8.002109	8.199933
LIPA_Epithelialcells	0.119476028336756	8.98775552305882	1.3280656356333	0.187838567927947	0.223592667754233	-38.168040964409	8.928018	9.047494
SLC15A3_Myeloids	0.159959858854306	8.17640515019823	1.32109321692844	0.19014232087245	0.226023172056369	-38.1771933458556	8.096425	8.256385
TRMT13_Epithelialcells	-0.0753976028344523	7.84626484663691	-1.29645372672575	0.198453270282073	0.234609825004698	-38.2091663814509	7.883964	7.808566
IL2RB_Tcells	0.0605337299182676	11.0290083297154	1.28908103788443	0.200991932132506	0.236961799768242	-38.2186211430753	10.99874	11.05928
CCL8_Myeloids	0.189237686614154	9.55210411370475	1.28822914169302	0.201286816508093	0.236985706202571	-38.2197102807833	9.457485	9.646723
SHH_Epithelialcells	-0.118225084739483	7.41658069339031	-1.28306834205784	0.20308010339584	0.238771293229714	-38.2262935083464	7.475693	7.357468
GPR161_Stromalcells	0.113407201948855	8.03397700163661	1.27865375217279	0.204623475563545	0.240258584233114	-38.231904707506	7.977273	8.090681
FAM43A_Stromalcells	0.0380255183516578	8.61137108253528	1.26118121692076	0.210817254327873	0.247194688158905	-38.2539308899361	8.592358	8.630384
CCL4_Myeloids	0.119033295160047	11.5631847656242	1.25963876950064	0.211370595608467	0.247507223894311	-38.2558613253534	11.50367	11.62270
HIST1H2BG_Epithelialcells	-0.155499451079926	6.66066895825657	-1.25663389517592	0.212451640763192	0.248435997261023	-38.2596155202119	6.738419	6.582919
CCL11_Stromalcells	0.0476456770037306	10.7443822022797	1.25288851366199	0.21380478034078	0.249680007353306	-38.2642828014583	10.72056	10.76821
PID1_Bcells	0.114577747579679	10.5987226471209	1.24958895549507	0.215002088792882	0.250738922470618	-38.2683834131033	10.54143	10.65601
SLC9A3_Epithelialcells	-0.086782487991643	5.13714630184393	-1.2335239016861	0.220901943760378	0.257271764460467	-38.2881998865682	5.180538	5.093755
PRKAA2_Myeloids	-0.227580943014575	6.46609454862145	-1.23188917812664	0.221508855513184	0.257630919552396	-38.2902024940464	6.579885	6.352304
TIGIT_Bcells	0.0412892249571026	7.25255433769158	1.22893809344961	0.222607562168284	0.258335966242063	-38.2938112204589	7.231910	7.273199
CACNA1D_Epithelialcells	-0.0714073956819776	6.55214041213262	-1.22637425122054	0.223565316665196	0.25862850976148	-38.2969396359401	6.587844	6.516437
HIST1H2AC_Epithelialcells	-0.262171946884189	8.70217116202568	-1.21792513739996	0.226742822823126	0.261953221012527	-38.3072047072727	8.833257	8.571085
AC009237.8_Epithelialcells	-0.0333529673785931	5.84031584375539	-1.196429857632	0.234974245520523	0.270253123216417	-38.3330112152696	5.856992	5.823639
IFI27_Epithelialcells	0.138937780897047	11.7838716323344	1.19612560439835	0.235092283386291	0.270253123216417	-38.3333733073817	11.71440	11.85334
IGFBP6_Myeloids	0.0469096972997924	10.7915210691249	1.1950938711194	0.235492872142231	0.270253123216417	-38.3346005121548	10.76807	10.81498
STXBP6_Epithelialcells	0.111292218401315	7.89501811285001	1.17853162987744	0.241990887350354	0.277341481784005	-38.3541605706378	7.839372	7.950664
ISLR_Stromalcells	0.0938424711247343	9.61949247040469	1.15205468697103	0.252643910954598	0.288638752912876	-38.3848815299281	9.572571	9.666414
LIPA_Myeloids	0.181817676605794	9.87167363437057	1.1422240934575	0.256682776580051	0.291854066124616	-38.3961158566079	9.780765	9.962582
CCR2_Myeloids	0.0869374545413635	8.0537530916149	1.1283119419892	0.262476220351271	0.296876773477256	-38.4118551362984	8.010284	8.097222
LOC102724880_Epithelialcells	-0.0906281210550777	5.47310749190535	-1.11969338351697	0.266111056412375	0.300096420789976	-38.4215117957031	5.518422	5.427793
PSTPIP2_Epithelialcells	0.0961491407581327	5.93930406843618	1.05907261323584	0.292674211632967	0.327597723267511	-38.4874021666215	5.891229	5.987379
CHST7_Epithelialcells	0.175363233251674	5.1277048624019	1.05188653564912	0.295939324199366	0.330823363709913	-38.4949765243614	5.040023	5.215386
CD84_Stromalcells	0.146914707852723	8.28975800197838	1.02284158711526	0.309388682215084	0.344964383400023	-38.5250790461348	8.216301	8.363215
DEGS2_Epithelialcells	0.0759314271186362	6.74877764506922	1.01257805241609	0.314238119500597	0.34857004772367	-38.5355198511804	6.710812	6.786743
NLRC5_Tcells	0.236084107504734	9.0198123824448	0.995303197492699	0.322514718064744	0.356267493615609	-38.5528611158131	8.901770	9.137854
SHE_Stromalcells	0.0608872336497281	6.90819716042658	0.98327643679474	0.328361645798211	0.361910728382958	-38.5647621153247	6.877754	6.938641
SLC2A5_Tcells	-0.0471700511689068	6.48131816169422	-0.976394313916361	0.331738758659047	0.365166516228007	-38.5715087045708	6.504903	6.457733
BATF2_Tcells	0.331550082217438	9.51753113240729	0.880011238469407	0.381423156253339	0.416668587147635	-38.6611186287227	9.351756	9.683306
FAM26F_Tcells	0.0940055246354472	11.0646886467567	0.849809438580726	0.397903643334517	0.433574298229404	-38.6873198779742	11.01769	11.11169
PSTPIP2_Myeloids	0.0584279436519717	7.42460984584778	0.835874965679434	0.405652560544885	0.44090448331264	-38.6991055277232	7.395396	7.453824
IFI6_Epithelialcells	0.12266945292394	8.82749643235362	0.808175422180949	0.421326331339338	0.456789728575186	-38.7219644417164	8.766162	8.888831
DEFB1_Epithelialcells	-0.135004790397168	6.95135567852501	-0.789938857431374	0.431840251512101	0.467601175727657	-38.7366001846938	7.018858	6.883853
MPP1_Tcells	0.0313594192515527	10.7137134862872	0.781489523872489	0.436763571381335	0.472339551506381	-38.7432696705703	10.69803	10.72939
PSPH_Epithelialcells	0.0926715441158805	8.49623575614237	0.770491227518074	0.443221210291335	0.47752797063848	-38.7518453150737	8.449900	8.542572
C1QB_Myeloids	0.179495563327535	9.92100537053731	0.768672522524036	0.444294390593652	0.478087355464241	-38.753251862244	 9.831258	10.010753
PSTPIP2_Tcells	0.0413738710604905	7.71503182985454	0.766678833395723	0.44547255888339	0.478466027901853	-38.7547899737812	7.694345	7.735719
FCGR1B_Myeloids	0.0368168954857033	9.22533286905816	0.754479827633023	0.452720924368045	0.484136502762853	-38.7641156077528	9.206924	9.243741
HIST1H2AC_Bcells	0.0388518302395493	10.6226778018694	0.687889171796259	0.493462464025006	0.524455796125098	-38.8124181937982	10.60325	10.64210
APOL3_Tcells	0.0409472423369373	8.43765386946191	0.568149580385394	0.571484817971637	0.602923469327045	-38.8881660083013	8.417180	8.458127
CD84_Myeloids	-0.0991604466462963	8.66237033104926	-0.32072999818748	0.749230369223077	0.785644967970249	-38.9991812864374	8.711951	8.612790
FAM43A_Myeloids	0.0343685472073183	8.61240759305978	0.179428850887846	0.858043287222871	0.891084665310876	-39.034919006311	8.595223	8.629592
